0           0.000000e+00 
1           0.000000e+00 
2           0.000000e+00 
3           0.000000e+00 
4           0.000000e+00 
5           0.000000e+00 
6           0.000000e+00 
7           1.999974e-03 
8           1.100004e-02 
9           2.999997e-02 
10          5.799997e-02 
11          9.099996e-02 
12          1.270000e-01 
13          1.620001e-01 
14          1.940000e-01 
15          2.230000e-01 
16          2.460001e-01 
17          2.640001e-01 
18          2.760000e-01 
19          2.840000e-01 
20          2.860000e-01 
21          2.850000e-01 
22          2.790000e-01 
23          2.710000e-01 
24          2.610000e-01 
25          2.490000e-01 
26          2.350000e-01 
27          2.210000e-01 
28          2.060000e-01 
29          1.910000e-01 
30          1.760000e-01 
31          1.620001e-01 
32          1.480000e-01 
33          1.330000e-01 
34          1.180000e-01 
35          1.040000e-01 
36          9.000003e-02 
37          7.700002e-02 
38          6.500006e-02 
39          5.400002e-02 
40          4.299998e-02 
41          3.299999e-02 
42          2.400005e-02 
43          1.600003e-02 
44          8.000016e-03 
45          1.000047e-03 
46          -6.000042e-03
47          -1.199996e-02
48          -1.699996e-02
49          -2.199996e-02
50          -2.699995e-02
51          -3.100002e-02
52          -3.400004e-02
53          -3.699994e-02
54          -3.999996e-02
55          -4.199994e-02
56          -4.400003e-02
57          -4.600000e-02
58          -4.799998e-02
59          -4.900002e-02
60          -5.100000e-02
61          -5.200005e-02
62          -5.299997e-02
63          -5.400002e-02
64          -5.400002e-02
65          -5.499995e-02
66          -5.599999e-02
67          -5.700004e-02
68          -5.700004e-02
69          -5.799997e-02
70          -5.900002e-02
71          -5.900002e-02
72          -5.999994e-02
73          -5.999994e-02
74          -5.999994e-02
75          -6.099999e-02
76          -6.099999e-02
77          -6.099999e-02
78          -6.099999e-02
79          -6.099999e-02
80          -6.099999e-02
81          -6.099999e-02
82          -6.099999e-02
83          -6.099999e-02
84          -6.099999e-02
85          -6.099999e-02
86          -5.999994e-02
87          -5.999994e-02
88          -5.999994e-02
89          -5.900002e-02
90          -5.900002e-02
91          -5.799997e-02
92          -5.799997e-02
93          -5.700004e-02
94          -5.700004e-02
95          -5.599999e-02
96          -5.599999e-02
97          -5.499995e-02
98          -5.400002e-02
99          -5.400002e-02
100         -5.299997e-02
101         -5.299997e-02
102         -5.200005e-02
103         -5.100000e-02
104         -5.100000e-02
105         -4.999995e-02
106         -4.999995e-02
107         -4.900002e-02
108         -4.900002e-02
109         -4.799998e-02
110         -4.699993e-02
111         -4.699993e-02
112         -4.600000e-02
113         -4.600000e-02
114         -4.499996e-02
115         -4.499996e-02
116         -4.400003e-02
117         -4.299998e-02
118         -4.299998e-02
119         -4.199994e-02
120         -4.199994e-02
121         -4.100001e-02
122         -4.100001e-02
123         -3.999996e-02
124         -3.999996e-02
125         -3.900003e-02
126         -3.900003e-02
127         -3.799999e-02
128         -3.799999e-02
129         -3.699994e-02
130         -3.699994e-02
131         -3.699994e-02
132         -3.600001e-02
133         -3.600001e-02
134         -3.499997e-02
135         -3.499997e-02
136         -3.400004e-02
137         -3.400004e-02
138         -3.299999e-02
139         -3.299999e-02
140         -3.299999e-02
141         -3.199995e-02
142         -3.199995e-02
143         -3.100002e-02
144         -3.100002e-02
145         -2.999997e-02
146         -2.999997e-02
147         -2.999997e-02
148         -2.900004e-02
149         -2.900004e-02
150         -2.900004e-02
151         -2.800000e-02
152         -2.800000e-02
153         -2.699995e-02
154         -2.699995e-02
155         -2.699995e-02
156         -2.600002e-02
157         -2.600002e-02
158         -2.600002e-02
159         -2.499998e-02
160         -2.499998e-02
161         -2.499998e-02
162         -2.399993e-02
163         -2.399993e-02
164         -2.399993e-02
165         -2.300000e-02
166         -2.300000e-02
167         -2.300000e-02
168         -2.199996e-02
169         -2.199996e-02
170         -2.199996e-02
171         -2.100003e-02
172         -2.100003e-02
173         -2.100003e-02
174         -2.100003e-02
175         -1.999998e-02
176         -1.999998e-02
177         -1.999998e-02
178         -1.999998e-02
179         -1.899993e-02
180         -1.899993e-02
181         -1.899993e-02
182         -1.800001e-02
183         -1.800001e-02
184         -1.800001e-02
185         -1.800001e-02
186         -1.699996e-02
187         -1.699996e-02
188         -1.699996e-02
189         -1.699996e-02
190         -1.699996e-02
191         -1.600003e-02
192         -1.600003e-02
193         -1.600003e-02
194         -1.600003e-02
195         -1.499999e-02
196         -1.499999e-02
197         -1.499999e-02
198         -1.499999e-02
199         -1.499999e-02
200         -1.399994e-02
201         -1.399994e-02
202         -1.399994e-02
203         -1.399994e-02
204         -1.399994e-02
205         -1.300001e-02
206         -1.300001e-02
207         -1.300001e-02
208         -1.300001e-02
209         -1.300001e-02
210         -1.199996e-02
211         -1.199996e-02
212         -1.199996e-02
213         -1.199996e-02
214         -1.199996e-02
215         -1.100004e-02
216         -1.100004e-02
217         -1.100004e-02
218         -1.100004e-02
219         -1.100004e-02
220         -1.100004e-02
221         -9.999990e-03
222         -9.999990e-03
223         -9.999990e-03
224         -9.999990e-03
225         -9.999990e-03
226         -9.999990e-03
227         -8.999944e-03
228         -8.999944e-03
229         -8.999944e-03
230         -8.999944e-03
231         -8.999944e-03
232         -8.999944e-03
233         -8.999944e-03
234         -8.000016e-03
235         -8.000016e-03
236         -8.000016e-03
237         -8.000016e-03
238         -8.000016e-03
239         -8.000016e-03
240         -8.000016e-03
241         -8.000016e-03
242         -6.999969e-03
243         -6.999969e-03
244         -6.999969e-03
245         -6.999969e-03
246         -6.999969e-03
247         -6.999969e-03
248         -6.999969e-03
249         -6.999969e-03
250         -6.999969e-03
251         -6.000042e-03
252         -6.000042e-03
253         -6.000042e-03
254         -6.000042e-03
255         -6.000042e-03
256         -6.000042e-03
257         -6.000042e-03
258         -6.000042e-03
259         -6.000042e-03
260         -6.000042e-03
261         -4.999995e-03
262         -4.999995e-03
263         -4.999995e-03
264         -4.999995e-03
265         -4.999995e-03
266         -4.999995e-03
267         -4.999995e-03
268         -4.999995e-03
269         -4.999995e-03
270         -4.999995e-03
271         -4.999995e-03
272         -3.999949e-03
273         -3.999949e-03
274         -3.999949e-03
275         -3.999949e-03
276         -3.999949e-03
277         -3.999949e-03
278         -3.999949e-03
279         -3.999949e-03
280         -3.999949e-03
281         -3.999949e-03
282         -3.999949e-03
283         -3.999949e-03
284         -3.999949e-03
285         -3.999949e-03
286         -3.000021e-03
287         -3.000021e-03
288         -3.000021e-03
289         -3.000021e-03
290         -3.000021e-03
291         -3.000021e-03
292         -3.000021e-03
293         -3.000021e-03
294         -3.000021e-03
295         -3.000021e-03
296         -3.000021e-03
297         -3.000021e-03
298         -3.000021e-03
299         -3.000021e-03
300         -3.000021e-03
301         -3.000021e-03
302         -3.000021e-03
303         -1.999974e-03
304         -1.999974e-03
305         -1.999974e-03
306         -1.999974e-03
307         -1.999974e-03
308         -1.999974e-03
309         -1.999974e-03
310         -1.999974e-03
311         -1.999974e-03
312         -1.999974e-03
313         -1.999974e-03
314         -1.999974e-03
315         -1.999974e-03
316         -1.999974e-03
317         -1.999974e-03
318         -1.999974e-03
319         -1.999974e-03
320         -1.999974e-03
321         -1.999974e-03
322         -1.999974e-03
323         -1.999974e-03
324         -1.000047e-03
325         -1.000047e-03
326         -1.000047e-03
327         -1.000047e-03
328         -1.000047e-03
329         -1.000047e-03
330         -1.000047e-03
331         -1.000047e-03
332         -1.000047e-03
333         -1.000047e-03
334         -1.000047e-03
335         -1.000047e-03
336         -1.000047e-03
337         -1.000047e-03
338         -1.000047e-03
339         -1.000047e-03
340         -1.000047e-03
341         -1.000047e-03
342         -1.000047e-03
343         -1.000047e-03
344         -1.000047e-03
345         -1.000047e-03
346         -1.000047e-03
347         -1.000047e-03
348         -1.000047e-03
349         -1.000047e-03
350         -1.000047e-03
351         -1.000047e-03
352         -1.000047e-03
353         0.000000e+00 

